# size count min median
1 16384 7230 8550
2 16384 7230 8490
4 16384 7110 8480
8 16384 7229 8480
16 16384 7109 8490
32 16384 7330 8630
64 16384 7540 8790
128 16384 7530 8740
256 16384 7580 8620
512 16384 7510 8420
1024 16384 7540 8380
2048 16384 7570 8420
4096 16384 7690 8500
8192 16384 7870 8670
16384 16384 8310 9260
32768 16384 9620 10970
65536 16384 9940 11230
131072 16384 11030 12370
262144 16384 13350 14650
524288 16384 17880 19190
1048576 16384 26840 28260
2097152 16384 45159 46440
4194304 16384 81539 82850
8388608 16384 154139 155539
16777216 16384 299558 301198
33554432 16384 590446 592137
67108864 16384 1171863 1173944
# fit over 27 sizes >= 0
# intercept 9149.3 ns  slope 0.017365 ns/byte  bandwidth 57.6 GB/s
