# size count min median
1 16384 5920 6112
2 16384 5536 5888
4 16384 5568 5824
8 16384 5536 5824
16 16384 5568 5824
32 16384 5568 5824
64 16384 5568 5824
128 16384 5569 5888
256 16384 5664 5920
512 16384 5696 6240
1024 16384 5728 6144
2048 16384 5888 6464
4096 16384 6112 6816
8192 16384 6496 7264
16384 16384 7232 8032
32768 16384 6944 7553
65536 16384 6881 7360
131072 16384 7008 7328
262144 16384 7360 7680
524288 16384 8032 8352
1048576 16384 9248 9600
2097152 16384 11744 12384
4194304 16384 18497 19808
8388608 16384 30816 31905
16777216 16384 53888 55585
33554432 16384 101377 104354
67108864 16384 196834 199938
# fit over 27 sizes >= 0
# intercept 6578.6 ns  slope 0.002892 ns/byte  bandwidth 345.8 GB/s
