# size count min median
1 16384 6762 7367
2 16384 6510 6951
4 16384 6354 6937
8 16384 6326 6916
16 16384 6458 6946
32 16384 6455 6923
64 16384 6339 6948
128 16384 6454 6947
256 16384 6518 6971
512 16384 6511 6967
1024 16384 6571 7068
2048 16384 6610 7177
4096 16384 6729 7434
8192 16384 7108 7883
16384 16384 7938 9084
32768 16384 8313 8881
65536 16384 9097 9583
131072 16384 11812 12377
262144 16384 16850 17446
524288 16384 27375 27910
1048576 16384 48428 49046
2097152 16384 90599 91364
4194304 16384 174196 174924
8388608 16384 341424 342461
16777216 16384 676479 677558
33554432 16384 1346252 1347863
67108864 16384 2685620 2687788
# fit over 27 sizes >= 0
# intercept 7188.4 ns  slope 0.039947 ns/byte  bandwidth 25.0 GB/s
