# size count min median
1 16384 6752 7391
2 16384 6420 7018
4 16384 6440 7008
8 16384 6410 6986
16 16384 6513 7016
32 16384 6538 7001
64 16384 6450 7012
128 16384 6547 7034
256 16384 6510 7048
512 16384 6553 7055
1024 16384 6589 7134
2048 16384 6691 7263
4096 16384 6783 7527
8192 16384 7210 7965
16384 16384 8046 9340
32768 16384 8257 8928
65536 16384 9037 9588
131072 16384 11811 12398
262144 16384 16866 17433
524288 16384 27241 27917
1048576 16384 48495 49052
2097152 16384 90626 91354
4194304 16384 174188 174933
8388608 16384 341545 342480
16777216 16384 676427 677560
33554432 16384 1346475 1347880
67108864 16384 2685869 2687806
# fit over 27 sizes >= 0
# intercept 7245.2 ns  slope 0.039946 ns/byte  bandwidth 25.0 GB/s
