# size count min median
1 16384 6681 7442
2 16384 6527 7016
4 16384 6446 6995
8 16384 6375 6974
16 16384 6524 6998
32 16384 6524 6978
64 16384 6414 6992
128 16384 6554 6998
256 16384 6432 7015
512 16384 6505 7015
1024 16384 6568 7110
2048 16384 6675 7232
4096 16384 6796 7483
8192 16384 7159 7933
16384 16384 7977 9198
32768 16384 8302 8958
65536 16384 9032 9651
131072 16384 11881 12435
262144 16384 16894 17507
524288 16384 27331 27972
1048576 16384 48482 49109
2097152 16384 90711 91428
4194304 16384 174253 174982
8388608 16384 341608 342520
16777216 16384 676545 677625
33554432 16384 1346371 1347924
67108864 16384 2685907 2687848
# fit over 27 sizes >= 0
# intercept 7248.2 ns  slope 0.039947 ns/byte  bandwidth 25.0 GB/s
