# size count min median
1 16384 6732 7426
2 16384 6454 7019
4 16384 6380 6995
8 16384 6410 6972
16 16384 6519 7002
32 16384 6476 6990
64 16384 6429 6998
128 16384 6537 7013
256 16384 6544 7023
512 16384 6494 7027
1024 16384 6593 7117
2048 16384 6578 7240
4096 16384 6807 7500
8192 16384 7198 7965
16384 16384 8013 9339
32768 16384 8221 8940
65536 16384 9022 9628
131072 16384 11903 12433
262144 16384 16874 17496
524288 16384 27403 27956
1048576 16384 48480 49096
2097152 16384 90712 91411
4194304 16384 174268 174971
8388608 16384 341611 342514
16777216 16384 676602 677603
33554432 16384 1346475 1347914
67108864 16384 2685861 2687857
# fit over 27 sizes >= 0
# intercept 7252.9 ns  slope 0.039947 ns/byte  bandwidth 25.0 GB/s
