# size count min median
1 16384 6644 7328
2 16384 6370 6950
4 16384 6312 6915
8 16384 6291 6888
16 16384 6390 6921
32 16384 6380 6905
64 16384 6420 6917
128 16384 6416 6930
256 16384 6413 6943
512 16384 6481 6948
1024 16384 6526 7035
2048 16384 6587 7159
4096 16384 6666 7401
8192 16384 7056 7825
16384 16384 7880 9009
32768 16384 8111 8832
65536 16384 8986 9532
131072 16384 11722 12366
262144 16384 16923 17524
524288 16384 27581 28155
1048576 16384 48973 49649
2097152 16384 91959 92659
4194304 16384 176944 177629
8388608 16384 347260 347978
16777216 16384 687938 688688
33554432 16384 1369340 1370224
67108864 16384 2731483 2732641
# fit over 27 sizes >= 0
# intercept 7131.8 ns  slope 0.040616 ns/byte  bandwidth 24.6 GB/s
