# size count min median
1 16384 6633 7329
2 16384 6470 6956
4 16384 6326 6930
8 16384 6302 6905
16 16384 6443 6931
32 16384 6441 6917
64 16384 6404 6930
128 16384 6434 6940
256 16384 6408 6949
512 16384 6451 6955
1024 16384 6499 7035
2048 16384 6526 7163
4096 16384 6703 7405
8192 16384 7049 7846
16384 16384 7919 9107
32768 16384 8269 8859
65536 16384 9016 9543
131072 16384 11776 12377
262144 16384 16982 17532
524288 16384 27574 28159
1048576 16384 49047 49648
2097152 16384 91987 92664
4194304 16384 176997 177631
8388608 16384 347277 347978
16777216 16384 687733 688687
33554432 16384 1369331 1370223
67108864 16384 2731633 2732643
# fit over 27 sizes >= 0
# intercept 7143.8 ns  slope 0.040616 ns/byte  bandwidth 24.6 GB/s
