# size count min median
1 16384 6740 7389
2 16384 6537 6968
4 16384 6386 6946
8 16384 6306 6924
16 16384 6485 6949
32 16384 6511 6938
64 16384 6433 6947
128 16384 6479 6958
256 16384 6419 6966
512 16384 6546 6972
1024 16384 6530 7070
2048 16384 6580 7205
4096 16384 6735 7431
8192 16384 7113 7867
16384 16384 7925 9113
32768 16384 8324 8885
65536 16384 9003 9580
131072 16384 11815 12418
262144 16384 16907 17572
524288 16384 27596 28205
1048576 16384 49005 49688
2097152 16384 92011 92703
4194304 16384 176955 177676
8388608 16384 347346 348028
16777216 16384 687990 688729
33554432 16384 1369336 1370267
67108864 16384 2731624 2732680
# fit over 27 sizes >= 0
# intercept 7173.4 ns  slope 0.040616 ns/byte  bandwidth 24.6 GB/s
