# size count min median
1 16384 6772 7335
2 16384 6461 6935
4 16384 6316 6901
8 16384 6301 6881
16 16384 6439 6909
32 16384 6413 6897
64 16384 6329 6910
128 16384 6403 6921
256 16384 6449 6929
512 16384 6459 6935
1024 16384 6510 7038
2048 16384 6561 7147
4096 16384 6702 7405
8192 16384 7062 7808
16384 16384 7905 9066
32768 16384 8222 8844
65536 16384 9017 9540
131072 16384 11744 12365
262144 16384 16976 17530
524288 16384 27585 28156
1048576 16384 49001 49642
2097152 16384 92010 92655
4194304 16384 177024 177630
8388608 16384 347165 347981
16777216 16384 687868 688687
33554432 16384 1369320 1370220
67108864 16384 2731519 2732627
# fit over 27 sizes >= 0
# intercept 7130.4 ns  slope 0.040616 ns/byte  bandwidth 24.6 GB/s
