# size count min median
1 16384 5952 6144
2 16384 5568 5856
4 16384 5536 5824
8 16384 5536 5792
16 16384 5536 5792
32 16384 5537 5792
64 16384 5536 5792
128 16384 5568 5888
256 16384 5632 5952
512 16384 5696 6240
1024 16384 5696 6112
2048 16384 5920 6432
4096 16384 6048 6848
8192 16384 6528 7264
16384 16384 7296 8000
32768 16384 6881 7488
65536 16384 6816 7264
131072 16384 6912 7200
262144 16384 7264 7552
524288 16384 7937 8256
1048576 16384 9152 9504
2097152 16384 11680 12256
4194304 16384 18464 19616
8388608 16384 30401 31616
16777216 16384 53184 55105
33554432 16384 99873 103138
67108864 16384 192611 195939
# fit over 27 sizes >= 0
# intercept 6582.8 ns  slope 0.002838 ns/byte  bandwidth 352.3 GB/s
