6272 1 2.9802322387695312e-08
6304 7 2.086162567138672e-07
6305 8 2.384185791015625e-07
6336 77 2.294778823852539e-06
6337 82 2.4437904357910156e-06
6368 325 9.685754776000977e-06
6369 348 1.0371208190917969e-05
6400 998 2.9742717742919922e-05
6401 1068 3.1828880310058594e-05
6432 2242 6.681680679321289e-05
6433 2372 7.069110870361328e-05
6464 4489 0.00013378262519836426
6465 4682 0.00013953447341918945
6496 7436 0.00022161006927490234
6497 7684 0.00022900104522705078
6528 11766 0.00035065412521362305
6529 12155 0.0003622472286224365
6560 17826 0.0005312561988830566
6561 18337 0.0005464851856231689
6592 27495 0.0008194148540496826
6593 28389 0.0008460581302642822
6624 41612 0.0012401342391967773
6625 42878 0.0012778639793395996
6656 62441 0.001860886812210083
6657 64323 0.0019169747829437256
6688 91478 0.002726256847381592
6689 94117 0.0028049051761627197
6720 133071 0.003965824842453003
6721 136870 0.004079043865203857
6752 187482 0.005587399005889893
6753 192587 0.005739539861679077
6784 252271 0.007518261671066284
6785 258266 0.007696926593780518
6816 329452 0.009818434715270996
6817 336543 0.010029762983322144
6848 421304 0.012555837631225586
6849 429634 0.012804090976715088
6880 543880 0.016208887100219727
6881 555358 0.016550958156585693
6912 696502 0.02075737714767456
6913 710561 0.02117636799812317
6944 878131 0.026170343160629272
6945 895180 0.02667844295501709
6976 1069326 0.03186839818954468
6977 1087033 0.0323961079120636
7008 1286957 0.038354307413101196
7009 1307669 0.03897157311439514
7040 1554088 0.04631543159484863
7041 1579320 0.04706740379333496
7072 1906460 0.056816935539245605
7073 1940222 0.057823121547698975
7104 2365322 0.07049208879470825
7105 2409477 0.07180801033973694
7136 2957458 0.0881391167640686
7137 3014469 0.0898381769657135
7168 3735831 0.11133643984794617
7169 3811974 0.11360567808151245
7200 4714840 0.14051318168640137
7201 4809713 0.14334061741828918
7232 5909461 0.17611566185951233
7233 6025477 0.1795732080936432
7264 7153452 0.2131894826889038
7265 7273341 0.2167624533176422
7296 8412617 0.2507155239582062
7297 8533838 0.254328191280365
7328 9574110 0.28533071279525757
7329 9685865 0.28866127133369446
7360 10716346 0.3193719983100891
7361 10828103 0.3227026164531708
7392 11861935 0.3535132110118866
7393 11974107 0.35685619711875916
7424 13093733 0.3902236521244049
7425 13215466 0.3938515782356262
7456 14456291 0.43083104491233826
7457 14592310 0.4348847270011902
7488 15976485 0.47613635659217834
7489 16128514 0.4806671738624573
7520 17630198 0.5254208445549011
7521 17796312 0.5303714275360107
7552 19242256 0.5734639167785645
7553 19403277 0.5782627165317535
7584 20738138 0.6180446743965149
7585 20887488 0.6224956512451172
7616 22004066 0.6557722687721252
7617 22128763 0.6594885289669037
7648 23168838 0.6904851794242859
7649 23286037 0.6939779818058014
7680 24253569 0.722812682390213
7681 24363507 0.7260890901088715
7712 25353583 0.7555956542491913
7713 25466105 0.7589490711688995
7744 26391523 0.7865286767482758
7745 26497852 0.789697527885437
7776 27324376 0.8143298625946045
7777 27419118 0.8171533942222595
7808 28079262 0.8368272185325623
7809 28155821 0.8391088545322418
7840 28640143 0.8535427749156952
7841 28696237 0.8552145063877106
7872 29036086 0.8653427958488464
7873 29075539 0.8665185868740082
7904 29316768 0.8737077713012695
7905 29345123 0.8745528161525726
7936 29550346 0.8806689381599426
7937 29574300 0.8813828229904175
7968 29764650 0.8870556950569153
7969 29787299 0.8877306878566742
8000 29983727 0.8935846984386444
8001 30007129 0.8942821323871613
8032 30186535 0.8996288478374481
8033 30207966 0.9002675414085388
8064 30370381 0.9051078855991364
8065 30389953 0.9056911766529083
8096 30528481 0.909819632768631
8097 30545078 0.9103142619132996
8128 30675617 0.9142046272754669
8129 30691606 0.9146811366081238
8160 30825477 0.9186708033084869
8161 30841847 0.9191586673259735
8192 30987942 0.9235126376152039
8193 31006063 0.9240526854991913
8224 31171836 0.9289931058883667
8225 31192180 0.929599404335022
8256 31372397 0.9349702894687653
8257 31394459 0.9356277883052826
8288 31585884 0.9413326978683472
8289 31609650 0.9420409798622131
8320 31788434 0.9473691582679749
8321 31810364 0.948022723197937
8352 31973637 0.9528886377811432
8353 31993799 0.9534895122051239
8384 32126880 0.9574556350708008
8385 32143623 0.957954615354538
8416 32265231 0.9615788161754608
8417 32280726 0.9620406031608582
8448 32397379 0.96551713347435
8449 32412189 0.9659585058689117
8480 32531537 0.9695153534412384
8481 32546804 0.9699703454971313
8512 32660339 0.9733539521694183
8513 32674799 0.9737848937511444
8544 32775202 0.9767771363258362
8545 32788043 0.9771598279476166
8576 32868552 0.9795591831207275
8577 32878918 0.9798681139945984
8608 32936293 0.9815780222415924
8609 32943597 0.9817956984043121
8640 32982165 0.9829451143741608
8641 32987228 0.9830960035324097
8672 33012428 0.9838470220565796
8673 33015696 0.9839444160461426
8704 33035215 0.984526127576828
8705 33037721 0.9846008121967316
8736 33053116 0.9850596189498901
8737 33055189 0.9851213991641998
8768 33068963 0.9855318963527679
8769 33070752 0.9855852127075195
8800 33082284 0.9859288930892944
8801 33083869 0.9859761297702789
8832 33093765 0.9862710535526276
8833 33095087 0.9863104522228241
8864 33103734 0.9865681529045105
8865 33104853 0.9866015017032623
8896 33113379 0.9868555963039398
8897 33114553 0.986890584230423
8928 33124934 0.9871999621391296
8929 33126359 0.9872424304485321
8960 33140645 0.9876681864261627
8961 33142462 0.9877223372459412
8992 33162506 0.9883196949958801
8993 33165263 0.988401859998703
9024 33191359 0.9891795814037323
9025 33194918 0.9892856478691101
9056 33226131 0.9902158677577972
9057 33230346 0.9903414845466614
9088 33261161 0.9912598431110382
9089 33265463 0.9913880527019501
9120 33294712 0.9922597408294678
9121 33298783 0.9923810660839081
9152 33324431 0.9931454360485077
9153 33327936 0.9932498931884766
9184 33353402 0.9940088391304016
9185 33356893 0.9941128790378571
9216 33382557 0.9948777258396149
9217 33386247 0.9949876964092255
9248 33412212 0.995761513710022
9249 33415846 0.9958698153495789
9280 33439937 0.9965877830982208
9281 33443303 0.9966880977153778
9312 33463315 0.9972845017910004
9313 33466160 0.9973692893981934
9344 33481023 0.9978122413158417
9345 33483092 0.9978739023208618
9376 33493211 0.9981754720211029
9377 33494645 0.9982182085514069
9408 33501731 0.9984293878078461
9409 33502747 0.998459666967392
9440 33507525 0.9986020624637604
9441 33508191 0.9986219108104706
9472 33512049 0.9987368881702423
9473 33512567 0.9987523257732391
9504 33515877 0.9988509714603424
9505 33516368 0.9988656044006348
9536 33519382 0.9989554286003113
9537 33519867 0.9989698827266693
9568 33522428 0.9990462064743042
9569 33522766 0.9990562796592712
9600 33524937 0.9991209805011749
9601 33525278 0.9991311430931091
9632 33527112 0.9991858005523682
9633 33527382 0.9991938471794128
9664 33529030 0.9992429614067078
9665 33529259 0.9992497861385345
9696 33531123 0.9993053376674652
9697 33531379 0.9993129670619965
9728 33533314 0.9993706345558167
9729 33533603 0.9993792474269867
9760 33535559 0.999437540769577
9761 33535839 0.9994458854198456
9792 33537608 0.9994986057281494
9793 33537880 0.9995067119598389
9824 33539338 0.9995501637458801
9825 33539550 0.9995564818382263
9856 33540566 0.9995867609977722
9857 33540727 0.9995915591716766
9888 33541568 0.9996166229248047
9889 33541685 0.999620109796524
9920 33542305 0.9996385872364044
9921 33542394 0.9996412396430969
9952 33542999 0.9996592700481415
9953 33543079 0.9996616542339325
9984 33543593 0.9996769726276398
9985 33543674 0.9996793866157532
10016 33544105 0.9996922314167023
10017 33544181 0.9996944963932037
10048 33544567 0.9997060000896454
10049 33544638 0.9997081160545349
10080 33544920 0.9997165203094482
10081 33544969 0.9997179806232452
10112 33545192 0.9997246265411377
10113 33545219 0.9997254312038422
10144 33545440 0.9997320175170898
10145 33545454 0.9997324347496033
10176 33545655 0.9997384250164032
10177 33545689 0.9997394382953644
10208 33545890 0.9997454285621643
10209 33545935 0.9997467696666718
10240 33546222 0.999755322933197
10241 33546260 0.9997564554214478
10272 33546642 0.9997678399085999
10273 33546702 0.9997696280479431
10304 33547170 0.9997835755348206
10305 33547243 0.9997857511043549
10336 33547677 0.9997986853122711
10337 33547759 0.9998011291027069
10368 33548218 0.9998148083686829
10369 33548296 0.9998171329498291
10400 33548724 0.999829888343811
10401 33548789 0.9998318254947662
10432 33549174 0.9998432993888855
10433 33549242 0.9998453259468079
10464 33549651 0.9998575150966644
10465 33549735 0.999860018491745
10496 33550203 0.9998739659786224
10497 33550274 0.999876081943512
10528 33550725 0.9998895227909088
10529 33550786 0.9998913407325745
10560 33551167 0.9999026954174042
10561 33551241 0.9999049007892609
10592 33551543 0.999913901090622
10593 33551595 0.9999154508113861
10624 33551798 0.9999215006828308
10625 33551825 0.9999223053455353
10656 33551957 0.9999262392520905
10657 33551986 0.9999271035194397
10688 33552059 0.999929279088974
10689 33552075 0.9999297559261322
10720 33552146 0.9999318718910217
10721 33552160 0.9999322891235352
10752 33552214 0.9999338984489441
10753 33552220 0.9999340772628784
10784 33552257 0.9999351799488068
10785 33552265 0.9999354183673859
10816 33552294 0.9999362826347351
10817 33552298 0.9999364018440247
10848 33552331 0.9999373853206635
10849 33552334 0.9999374747276306
10880 33552366 0.999938428401947
10881 33552370 0.9999385476112366
10912 33552396 0.9999393224716187
10913 33552402 0.999939501285553
10944 33552444 0.9999407529830933
10945 33552447 0.9999408423900604
10976 33552468 0.9999414682388306
10977 33552470 0.9999415278434753
11008 33552488 0.9999420642852783
11009 33552493 0.9999422132968903
11040 33552517 0.9999429285526276
11041 33552518 0.99994295835495
11072 33552529 0.9999432861804962
11073 33552532 0.9999433755874634
11104 33552554 0.9999440312385559
11105 33552556 0.9999440908432007
11136 33552574 0.9999446272850037
11137 33552577 0.9999447166919708
11168 33552587 0.9999450147151947
11200 33552603 0.9999454915523529
11232 33552626 0.9999461770057678
11264 33552635 0.9999464452266693
11265 33552636 0.9999464750289917
11296 33552646 0.9999467730522156
11297 33552647 0.999946802854538
11328 33552655 0.9999470412731171
11360 33552675 0.9999476373195648
11361 33552678 0.999947726726532
11392 33552696 0.999948263168335
11393 33552700 0.9999483823776245
11424 33552714 0.9999487996101379
11425 33552716 0.9999488592147827
11456 33552730 0.9999492764472961
11457 33552734 0.9999493956565857
11488 33552747 0.9999497830867767
11489 33552750 0.9999498724937439
11520 33552758 0.999950110912323
11521 33552761 0.9999502003192902
11552 33552777 0.9999506771564484
11553 33552780 0.9999507665634155
11584 33552795 0.9999512135982513
11585 33552796 0.9999512434005737
11616 33552804 0.9999514818191528
11648 33552813 0.9999517500400543
11680 33552829 0.9999522268772125
11681 33552832 0.9999523162841797
11712 33552837 0.9999524652957916
11744 33552845 0.9999527037143707
11745 33552846 0.9999527335166931
11776 33552853 0.9999529421329498
11777 33552854 0.9999529719352722
11808 33552861 0.9999531805515289
11809 33552863 0.9999532401561737
11840 33552872 0.9999535083770752
11841 33552875 0.9999535977840424
11872 33552884 0.9999538660049438
11873 33552886 0.9999539256095886
11904 33552892 0.999954104423523
11936 33552897 0.9999542534351349
11937 33552898 0.9999542832374573
11968 33552907 0.9999545514583588
11969 33552908 0.9999545812606812
12000 33552914 0.9999547600746155
12001 33552917 0.9999548494815826
12032 33552922 0.9999549984931946
12033 33552929 0.9999552071094513
12064 33552935 0.9999553859233856
12065 33552936 0.999955415725708
12096 33552944 0.9999556541442871
12128 33552951 0.9999558627605438
12129 33552952 0.9999558925628662
12160 33552956 0.9999560117721558
12192 33552962 0.9999561905860901
12193 33552965 0.9999562799930573
12224 33552972 0.999956488609314
12225 33552973 0.9999565184116364
12256 33552977 0.9999566376209259
12257 33552978 0.9999566674232483
12288 33552984 0.9999568462371826
12320 33552987 0.9999569356441498
12321 33552989 0.9999569952487946
12352 33552995 0.9999571740627289
12353 33552996 0.9999572038650513
12384 33553001 0.9999573528766632
12385 33553002 0.9999573826789856
12416 33553008 0.9999575614929199
12417 33553009 0.9999575912952423
12448 33553014 0.9999577403068542
12480 33553022 0.9999579787254333
12512 33553025 0.9999580681324005
12513 33553028 0.9999581575393677
12544 33553034 0.999958336353302
12576 33553037 0.9999584257602692
12577 33553039 0.9999584853649139
12608 33553042 0.9999585747718811
12640 33553048 0.9999587535858154
12672 33553054 0.9999589323997498
12704 33553058 0.9999590516090393
12705 33553059 0.9999590814113617
12736 33553061 0.9999591410160065
12737 33553063 0.9999592006206512
12768 33553070 0.999959409236908
12769 33553071 0.9999594390392303
12800 33553073 0.9999594986438751
12832 33553078 0.9999596476554871
12864 33553081 0.9999597370624542
12896 33553086 0.9999598860740662
12897 33553089 0.9999599754810333
12928 33553094 0.9999601244926453
12929 33553095 0.9999601542949677
12960 33553103 0.9999603927135468
12961 33553106 0.9999604821205139
12992 33553111 0.9999606311321259
13024 33553116 0.9999607801437378
13025 33553117 0.9999608099460602
13056 33553121 0.9999609291553497
13057 33553122 0.9999609589576721
13088 33553124 0.9999610185623169
13120 33553130 0.9999611973762512
13121 33553132 0.999961256980896
13152 33553135 0.9999613463878632
13153 33553137 0.9999614059925079
13184 33553145 0.999961644411087
13185 33553147 0.9999617040157318
13216 33553153 0.9999618828296661
13217 33553154 0.9999619126319885
13248 33553160 0.9999620914459229
13249 33553161 0.9999621212482452
13280 33553168 0.999962329864502
13312 33553173 0.9999624788761139
13344 33553180 0.9999626874923706
13376 33553186 0.9999628663063049
13377 33553187 0.9999628961086273
13408 33553192 0.9999630451202393
13440 33553195 0.9999631345272064
13441 33553196 0.9999631643295288
13472 33553199 0.999963253736496
13473 33553204 0.9999634027481079
13504 33553210 0.9999635815620422
13505 33553212 0.999963641166687
13536 33553215 0.9999637305736542
13568 33553221 0.9999639093875885
13600 33553227 0.9999640882015228
13632 33553231 0.9999642074108124
13633 33553234 0.9999642968177795
13664 33553237 0.9999643862247467
13696 33553241 0.9999645054340363
13697 33553242 0.9999645352363586
13728 33553246 0.9999646544456482
13729 33553247 0.9999646842479706
13760 33553255 0.9999649226665497
13761 33553256 0.9999649524688721
13792 33553263 0.9999651610851288
13793 33553265 0.9999652206897736
13824 33553267 0.9999652802944183
13856 33553275 0.9999655187129974
13857 33553276 0.9999655485153198
13888 33553279 0.999965637922287
13920 33553285 0.9999658167362213
13921 33553286 0.9999658465385437
13952 33553292 0.999966025352478
13953 33553293 0.9999660551548004
13984 33553304 0.9999663829803467
14016 33553310 0.999966561794281
14017 33553312 0.9999666213989258
14048 33553315 0.9999667108058929
14049 33553318 0.9999668002128601
14080 33553321 0.9999668896198273
14112 33553327 0.9999670684337616
14113 33553328 0.999967098236084
14144 33553332 0.9999672174453735
14176 33553336 0.9999673366546631
14177 33553338 0.9999673962593079
14208 33553343 0.9999675452709198
14209 33553346 0.999967634677887
14240 33553353 0.9999678432941437
14241 33553356 0.9999679327011108
14272 33553366 0.9999682307243347
14273 33553367 0.9999682605266571
14304 33553369 0.9999683201313019
14305 33553373 0.9999684393405914
14336 33553381 0.9999686777591705
14369 33553382 0.9999687075614929
14400 33553391 0.9999689757823944
14401 33553392 0.9999690055847168
14432 33553395 0.999969094991684
14464 33553408 0.999969482421875
14465 33553409 0.9999695122241974
14496 33553413 0.9999696314334869
14497 33553415 0.9999696910381317
14528 33553431 0.9999701678752899
14529 33553434 0.9999702572822571
14560 33553440 0.9999704360961914
14561 33553442 0.9999704957008362
14592 33553445 0.9999705851078033
14624 33553450 0.9999707341194153
14625 33553452 0.9999707937240601
14656 33553457 0.999970942735672
14657 33553458 0.9999709725379944
14688 33553465 0.9999711811542511
14689 33553466 0.9999712109565735
14720 33553474 0.9999714493751526
14721 33553475 0.999971479177475
14752 33553480 0.9999716281890869
14753 33553482 0.9999716877937317
14784 33553491 0.9999719560146332
14785 33553493 0.999972015619278
14816 33553499 0.9999721944332123
14817 33553500 0.9999722242355347
14848 33553505 0.9999723732471466
14849 33553507 0.9999724328517914
14880 33553514 0.9999726414680481
14881 33553517 0.9999727308750153
14912 33553521 0.9999728500843048
14913 33553525 0.9999729692935944
14944 33553536 0.9999732971191406
14976 33553542 0.999973475933075
15008 33553547 0.9999736249446869
15040 33553556 0.9999738931655884
15072 33553569 0.9999742805957794
15073 33553570 0.9999743103981018
15104 33553574 0.9999744296073914
15105 33553578 0.9999745488166809
15136 33553582 0.9999746680259705
15137 33553583 0.9999746978282928
15168 33553587 0.9999748170375824
15169 33553588 0.9999748468399048
15200 33553589 0.9999748766422272
15201 33553590 0.9999749064445496
15232 33553594 0.9999750256538391
15264 33553595 0.9999750554561615
15265 33553597 0.9999751150608063
15296 33553603 0.9999752938747406
15328 33553608 0.9999754428863525
15329 33553610 0.9999755024909973
15360 33553616 0.9999756813049316
15361 33553617 0.999975711107254
15392 33553623 0.9999758899211884
15393 33553624 0.9999759197235107
15424 33553631 0.9999761283397675
15425 33553632 0.9999761581420898
15456 33553637 0.9999763071537018
15457 33553638 0.9999763369560242
15488 33553643 0.9999764859676361
15520 33553649 0.9999766647815704
15521 33553651 0.9999767243862152
15552 33553653 0.99997678399086
15553 33553654 0.9999768137931824
15584 33553657 0.9999769032001495
15585 33553661 0.9999770224094391
15616 33553664 0.9999771118164062
15617 33553665 0.9999771416187286
15648 33553668 0.9999772310256958
15649 33553669 0.9999772608280182
15680 33553671 0.999977320432663
15681 33553675 0.9999774396419525
15712 33553681 0.9999776184558868
15713 33553683 0.9999776780605316
15744 33553688 0.9999778270721436
15745 33553689 0.9999778568744659
15776 33553696 0.9999780654907227
15777 33553697 0.999978095293045
15808 33553705 0.9999783337116241
15809 33553708 0.9999784231185913
15840 33553718 0.9999787211418152
15841 33553719 0.9999787509441376
15872 33553725 0.9999789297580719
15873 33553726 0.9999789595603943
15904 33553728 0.9999790191650391
15905 33553730 0.9999790787696838
15936 33553740 0.9999793767929077
15968 33553741 0.9999794065952301
15969 33553742 0.9999794363975525
16000 33553748 0.9999796152114868
16001 33553753 0.9999797642230988
16032 33553756 0.9999798536300659
16064 33553761 0.9999800026416779
16065 33553762 0.9999800324440002
16096 33553763 0.9999800622463226
16128 33553767 0.9999801814556122
16129 33553768 0.9999802112579346
16160 33553770 0.9999802708625793
16192 33553772 0.9999803304672241
16193 33553773 0.9999803602695465
16224 33553775 0.9999804198741913
16256 33553782 0.999980628490448
16257 33553784 0.9999806880950928
16288 33553786 0.9999807476997375
16320 33553791 0.9999808967113495
16352 33553793 0.9999809563159943
16353 33553795 0.999981015920639
16384 33553801 0.9999811947345734
16385 33553802 0.9999812245368958
16416 33553803 0.9999812543392181
16417 33553804 0.9999812841415405
16448 33553810 0.9999814629554749
16480 33553811 0.9999814927577972
16481 33553813 0.999981552362442
16512 33553815 0.9999816119670868
16513 33553816 0.9999816417694092
16544 33553818 0.999981701374054
16545 33553819 0.9999817311763763
16576 33553823 0.9999818503856659
16577 33553826 0.9999819397926331
16608 33553827 0.9999819695949554
16609 33553830 0.9999820590019226
16640 33553832 0.9999821186065674
16641 33553834 0.9999821782112122
16672 33553840 0.9999823570251465
16673 33553842 0.9999824166297913
16704 33553847 0.9999825656414032
16705 33553848 0.9999825954437256
16736 33553850 0.9999826550483704
16768 33553853 0.9999827444553375
16800 33553859 0.9999829232692719
16801 33553860 0.9999829530715942
16832 33553864 0.9999830722808838
16864 33553868 0.9999831914901733
16896 33553871 0.9999832808971405
16928 33553873 0.9999833405017853
16929 33553874 0.9999833703041077
16960 33553877 0.9999834597110748
16992 33553879 0.9999835193157196
17025 33553880 0.999983549118042
17056 33553883 0.9999836385250092
17088 33553887 0.9999837577342987
17120 33553891 0.9999838769435883
17152 33553892 0.9999839067459106
17153 33553894 0.9999839663505554
17184 33553897 0.9999840557575226
17216 33553900 0.9999841451644897
17248 33553902 0.9999842047691345
17280 33553906 0.9999843239784241
17312 33553910 0.9999844431877136
17344 33553913 0.9999845325946808
17376 33553918 0.9999846816062927
17377 33553919 0.9999847114086151
17440 33553920 0.9999847412109375
17504 33553923 0.9999848306179047
17536 33553924 0.999984860420227
17537 33553925 0.9999848902225494
17568 33553928 0.9999849796295166
17569 33553930 0.9999850392341614
17600 33553933 0.9999851286411285
17632 33553934 0.9999851584434509
17633 33553935 0.9999851882457733
17697 33553936 0.9999852180480957
17728 33553939 0.9999853074550629
17760 33553940 0.9999853372573853
17761 33553941 0.9999853670597076
17824 33553946 0.9999855160713196
17825 33553947 0.999985545873642
17888 33553950 0.9999856352806091
17889 33553951 0.9999856650829315
17920 33553954 0.9999857544898987
17952 33553957 0.9999858438968658
17984 33553959 0.9999859035015106
17985 33553960 0.999985933303833
18016 33553963 0.9999860227108002
18048 33553966 0.9999861121177673
18080 33553967 0.9999861419200897
18081 33553968 0.9999861717224121
18112 33553969 0.9999862015247345
18144 33553972 0.9999862909317017
18145 33553973 0.999986320734024
18176 33553974 0.9999863505363464
18209 33553975 0.9999863803386688
18240 33553977 0.9999864399433136
18241 33553978 0.999986469745636
18272 33553981 0.9999865591526031
18273 33553982 0.9999865889549255
18305 33553984 0.9999866485595703
18336 33553987 0.9999867379665375
18368 33553988 0.9999867677688599
18400 33553990 0.9999868273735046
18432 33553993 0.9999869167804718
18464 33553996 0.999987006187439
18465 33553997 0.9999870359897614
18496 33554000 0.9999871253967285
18528 33554002 0.9999871850013733
18529 33554003 0.9999872148036957
18560 33554004 0.9999872446060181
18592 33554007 0.9999873340129852
18657 33554008 0.9999873638153076
18688 33554011 0.9999874532222748
18720 33554015 0.9999875724315643
18721 33554017 0.9999876320362091
18753 33554018 0.9999876618385315
18784 33554021 0.9999877512454987
18816 33554025 0.9999878704547882
18848 33554027 0.999987930059433
18880 33554029 0.9999879896640778
18881 33554030 0.9999880194664001
18912 33554032 0.9999880790710449
18913 33554034 0.9999881386756897
18944 33554035 0.9999881684780121
19008 33554037 0.9999882280826569
19040 33554039 0.9999882876873016
19041 33554041 0.9999883472919464
19104 33554045 0.999988466501236
19136 33554049 0.9999885857105255
19168 33554050 0.9999886155128479
19169 33554051 0.9999886453151703
19200 33554053 0.9999887049198151
19233 33554054 0.9999887347221375
19264 33554057 0.9999888241291046
19265 33554058 0.999988853931427
19296 33554059 0.9999888837337494
19328 33554061 0.9999889433383942
19329 33554062 0.9999889731407166
19360 33554064 0.9999890327453613
19393 33554065 0.9999890625476837
19424 33554067 0.9999891221523285
19425 33554068 0.9999891519546509
19456 33554071 0.999989241361618
19488 33554072 0.9999892711639404
19489 33554073 0.9999893009662628
19520 33554078 0.9999894499778748
19521 33554079 0.9999894797801971
19584 33554082 0.9999895691871643
19648 33554084 0.9999896287918091
19649 33554086 0.9999896883964539
19680 33554088 0.9999897480010986
19681 33554089 0.999989777803421
19744 33554091 0.9999898374080658
19776 33554094 0.999989926815033
19840 33554095 0.9999899566173553
19841 33554096 0.9999899864196777
19872 33554100 0.9999901056289673
19873 33554101 0.9999901354312897
19904 33554102 0.9999901652336121
19936 33554103 0.9999901950359344
19937 33554104 0.9999902248382568
19968 33554105 0.9999902546405792
19969 33554106 0.9999902844429016
20000 33554108 0.9999903440475464
20001 33554109 0.9999903738498688
20032 33554115 0.9999905526638031
20096 33554116 0.9999905824661255
20160 33554118 0.9999906420707703
20192 33554121 0.9999907314777374
20224 33554122 0.9999907612800598
20225 33554123 0.9999907910823822
20288 33554127 0.9999909102916718
20320 33554132 0.9999910593032837
20352 33554134 0.9999911189079285
20353 33554135 0.9999911487102509
20384 33554138 0.999991238117218
20416 33554141 0.9999913275241852
20449 33554142 0.9999913573265076
20480 33554145 0.9999914467334747
20512 33554148 0.9999915361404419
20513 33554149 0.9999915659427643
20544 33554152 0.9999916553497314
20576 33554154 0.9999917149543762
20577 33554155 0.9999917447566986
20608 33554157 0.9999918043613434
20609 33554158 0.9999918341636658
20672 33554159 0.9999918639659882
20673 33554160 0.9999918937683105
20704 33554162 0.9999919533729553
20705 33554163 0.9999919831752777
20768 33554165 0.9999920427799225
20769 33554166 0.9999920725822449
20800 33554168 0.9999921321868896
20801 33554169 0.999992161989212
20832 33554170 0.9999921917915344
20864 33554174 0.999992311000824
20865 33554177 0.9999924004077911
20896 33554181 0.9999925196170807
20928 33554183 0.9999925792217255
20929 33554184 0.9999926090240479
20961 33554185 0.9999926388263702
20992 33554188 0.9999927282333374
21024 33554189 0.9999927580356598
21056 33554194 0.9999929070472717
21057 33554195 0.9999929368495941
21088 33554197 0.9999929964542389
21121 33554198 0.9999930262565613
21152 33554201 0.9999931156635284
21184 33554205 0.999993234872818
21185 33554207 0.9999932944774628
21216 33554208 0.9999933242797852
21217 33554209 0.9999933540821075
21280 33554210 0.9999933838844299
21312 33554211 0.9999934136867523
21344 33554214 0.9999935030937195
21345 33554216 0.9999935626983643
21376 33554219 0.9999936521053314
21409 33554221 0.9999937117099762
21440 33554224 0.9999938011169434
21441 33554225 0.9999938309192657
21472 33554227 0.9999938905239105
21504 33554228 0.9999939203262329
21536 33554229 0.9999939501285553
21568 33554232 0.9999940395355225
21569 33554234 0.9999940991401672
21601 33554235 0.9999941289424896
21632 33554238 0.9999942183494568
21664 33554240 0.9999942779541016
21665 33554241 0.999994307756424
21696 33554243 0.9999943673610687
21728 33554245 0.9999944269657135
21760 33554246 0.9999944567680359
21761 33554248 0.9999945163726807
21792 33554250 0.9999945759773254
21793 33554251 0.9999946057796478
21824 33554254 0.999994695186615
21856 33554255 0.9999947249889374
21857 33554256 0.9999947547912598
21888 33554257 0.9999947845935822
21920 33554258 0.9999948143959045
21984 33554261 0.9999949038028717
22016 33554262 0.9999949336051941
22017 33554263 0.9999949634075165
22048 33554265 0.9999950230121613
22049 33554266 0.9999950528144836
22080 33554267 0.999995082616806
22081 33554268 0.9999951124191284
22113 33554269 0.9999951422214508
22144 33554273 0.9999952614307404
22145 33554274 0.9999952912330627
22176 33554278 0.9999954104423523
22177 33554279 0.9999954402446747
22208 33554280 0.9999954700469971
22240 33554282 0.9999955296516418
22241 33554283 0.9999955594539642
22272 33554285 0.999995619058609
22273 33554287 0.9999956786632538
22304 33554289 0.9999957382678986
22305 33554290 0.999995768070221
22368 33554292 0.9999958276748657
22400 33554294 0.9999958872795105
22432 33554295 0.9999959170818329
22433 33554297 0.9999959766864777
22464 33554298 0.9999960064888
22496 33554300 0.9999960660934448
22528 33554301 0.9999960958957672
22593 33554302 0.9999961256980896
22624 33554306 0.9999962449073792
22657 33554308 0.9999963045120239
22688 33554309 0.9999963343143463
22689 33554310 0.9999963641166687
22752 33554312 0.9999964237213135
22753 33554313 0.9999964535236359
22785 33554314 0.9999964833259583
22816 33554315 0.9999965131282806
22849 33554316 0.999996542930603
22880 33554317 0.9999965727329254
22912 33554319 0.9999966323375702
22976 33554322 0.9999967217445374
23040 33554324 0.9999967813491821
23072 33554325 0.9999968111515045
23073 33554326 0.9999968409538269
23200 33554328 0.9999969005584717
23232 33554329 0.9999969303607941
23264 33554330 0.9999969601631165
23328 33554332 0.9999970197677612
23361 33554333 0.9999970495700836
23392 33554337 0.9999971687793732
23393 33554338 0.9999971985816956
23424 33554339 0.9999972283840179
23488 33554340 0.9999972581863403
23489 33554341 0.9999972879886627
23520 33554342 0.9999973177909851
23552 33554343 0.9999973475933075
23584 33554344 0.9999973773956299
23648 33554345 0.9999974071979523
23649 33554346 0.9999974370002747
23681 33554349 0.9999975264072418
23713 33554350 0.9999975562095642
23744 33554351 0.9999975860118866
23872 33554352 0.999997615814209
23873 33554353 0.9999976456165314
23937 33554354 0.9999976754188538
23968 33554355 0.9999977052211761
24096 33554356 0.9999977350234985
24129 33554357 0.9999977648258209
24160 33554358 0.9999977946281433
24192 33554359 0.9999978244304657
24224 33554360 0.9999978542327881
24256 33554362 0.9999979138374329
24289 33554364 0.9999979734420776
24384 33554365 0.9999980032444
24416 33554366 0.9999980330467224
24417 33554367 0.9999980628490448
24544 33554368 0.9999980926513672
24545 33554369 0.9999981224536896
24640 33554370 0.999998152256012
24673 33554371 0.9999981820583344
24704 33554372 0.9999982118606567
24705 33554374 0.9999982714653015
24769 33554375 0.9999983012676239
24864 33554377 0.9999983608722687
24897 33554378 0.9999983906745911
24928 33554379 0.9999984204769135
24992 33554380 0.9999984502792358
25024 33554381 0.9999984800815582
25217 33554382 0.9999985098838806
25313 33554383 0.999998539686203
25344 33554384 0.9999985694885254
25376 33554385 0.9999985992908478
25505 33554386 0.9999986290931702
25633 33554387 0.9999986588954926
25921 33554388 0.9999986886978149
26144 33554389 0.9999987185001373
26368 33554390 0.9999987483024597
26432 33554391 0.9999987781047821
26497 33554392 0.9999988079071045
26529 33554393 0.9999988377094269
26977 33554394 0.9999988675117493
27009 33554395 0.9999988973140717
27072 33554396 0.999998927116394
27713 33554397 0.9999989569187164
27776 33554399 0.9999990165233612
28225 33554400 0.9999990463256836
28384 33554401 0.999999076128006
28448 33554402 0.9999991059303284
28609 33554403 0.9999991357326508
28640 33554404 0.9999991655349731
28705 33554405 0.9999991953372955
28800 33554406 0.9999992251396179
29185 33554407 0.9999992549419403
29472 33554408 0.9999992847442627
30752 33554409 0.9999993145465851
30976 33554410 0.9999993443489075
32448 33554411 0.9999993741512299
33441 33554412 0.9999994039535522
35584 33554413 0.9999994337558746
43104 33554414 0.999999463558197
48769 33554415 0.9999994933605194
54369 33554416 0.9999995231628418
67937 33554417 0.9999995529651642
72993 33554418 0.9999995827674866
82433 33554419 0.999999612569809
171522 33554420 0.9999996423721313
172483 33554421 0.9999996721744537
173091 33554422 0.9999997019767761
173186 33554423 0.9999997317790985
173538 33554424 0.9999997615814209
174563 33554425 0.9999997913837433
176514 33554426 0.9999998211860657
182051 33554427 0.9999998509883881
184610 33554428 0.9999998807907104
185411 33554429 0.9999999105930328
185538 33554430 0.9999999403953552
197539 33554431 0.9999999701976776
224323 33554432 1.0
