6208 1 2.9802322387695312e-08
6240 44 1.3113021850585938e-06
6241 46 1.3709068298339844e-06
6272 396 1.1801719665527344e-05
6273 440 1.3113021850585938e-05
6304 1958 5.835294723510742e-05
6305 2139 6.374716758728027e-05
6336 5522 0.00016456842422485352
6337 5873 0.00017502903938293457
6368 12217 0.00036409497261047363
6369 12883 0.0003839433193206787
6400 22897 0.0006823837757110596
6401 23950 0.0007137656211853027
6432 37413 0.0011149942874908447
6433 38858 0.0011580586433410645
6464 55997 0.0016688406467437744
6465 57821 0.0017232000827789307
6496 76970 0.002293884754180908
6497 79027 0.0023551881313323975
6528 102681 0.0030601322650909424
6529 105228 0.0031360387802124023
6560 138292 0.00412142276763916
6561 141802 0.004226028919219971
6592 201622 0.006008803844451904
6593 208146 0.0062032341957092285
6624 305329 0.009099513292312622
6625 315981 0.009416967630386353
6656 451014 0.013441264629364014
6657 465776 0.013881206512451172
6688 622612 0.018555283546447754
6689 639753 0.01906612515449524
6720 801915 0.023898929357528687
6721 819563 0.024424880743026733
6752 980601 0.02922418713569641
6753 998698 0.029763519763946533
6784 1165928 0.03474736213684082
6785 1184463 0.03529974818229675
6816 1372832 0.04091358184814453
6817 1393730 0.04153639078140259
6848 1607947 0.047920554876327515
6849 1631890 0.048634111881256104
6880 1884437 0.05616059899330139
6881 1912883 0.05700835585594177
6912 2187812 0.06520187854766846
6913 2218941 0.06612959504127502
6944 2519672 0.07509207725524902
6945 2554054 0.07611674070358276
6976 2866997 0.0854431688785553
6977 2902771 0.08650931715965271
7008 3280090 0.09775429964065552
7009 3323384 0.0990445613861084
7040 3795462 0.11311358213424683
7041 3850314 0.11474829912185669
7072 4425046 0.1318766474723816
7073 4492227 0.13387879729270935
7104 5165172 0.15393412113189697
7105 5243879 0.1562797725200653
7136 6045629 0.18017378449440002
7137 6140205 0.1829923689365387
7168 7099325 0.21157637238502502
7169 7212808 0.21495842933654785
7200 8272987 0.24655422568321228
7201 8398525 0.2502955496311188
7232 9507681 0.28335097432136536
7233 9640303 0.2873034179210663
7264 10663430 0.3177949786186218
7265 10786226 0.32145458459854126
7296 11771371 0.35081419348716736
7297 11889619 0.35433825850486755
7328 12860542 0.38327401876449585
7329 12978679 0.386794775724411
7360 14057151 0.41893574595451355
7361 14188103 0.422838419675827
7392 15367622 0.457990825176239
7393 15511908 0.46229088306427
7424 16812905 0.5010636150836945
7425 16973541 0.5058509409427643
7456 18347579 0.5468004643917084
7457 18517469 0.5518635809421539
7488 19878678 0.5924307703971863
7489 20047027 0.5974479615688324
7520 21274365 0.6340254843235016
7521 21427327 0.6385841071605682
7552 22433334 0.6685654520988464
7553 22559107 0.672313779592514
7584 23449344 0.6988449096679688
7585 23561255 0.7021801173686981
7616 24399419 0.7271593511104584
7617 24505778 0.7303290963172913
7648 25379259 0.7563608586788177
7649 25490184 0.7596666812896729
7680 26313200 0.7841944694519043
7681 26418096 0.787320613861084
7712 27153131 0.8092263638973236
7713 27247133 0.8120278418064117
7744 27807057 0.8287148773670197
7745 27878904 0.8308560848236084
7776 28277920 0.842747688293457
7777 28329612 0.8442882299423218
7808 28600321 0.8523559868335724
7809 28635682 0.8534098267555237
7840 28842088 0.8595612049102783
7841 28869116 0.860366702079773
7872 29061957 0.8661138117313385
7873 29087306 0.8668692708015442
7904 29289047 0.8728816211223602
7905 29315517 0.8736704885959625
7936 29535772 0.8802345991134644
7937 29564768 0.881098747253418
7968 29779059 0.8874851167201996
7969 29807376 0.888329029083252
8000 30005724 0.8942402601242065
8001 30032438 0.8950363993644714
8032 30198472 0.89998459815979
8033 30220394 0.9006379246711731
8064 30376543 0.9052915275096893
8065 30397461 0.9059149324893951
8096 30556808 0.9106638431549072
8097 30578353 0.9113059341907501
8128 30758594 0.9166775345802307
8129 30783174 0.9174100756645203
8160 30981305 0.9233148396015167
8161 31008510 0.924125611782074
8192 31220254 0.9304360747337341
8193 31249564 0.9313095808029175
8224 31466569 0.9377768337726593
8225 31496796 0.9386776685714722
8256 31699241 0.9447109997272491
8257 31727492 0.9455529451370239
8288 31904452 0.9508267641067505
8289 31928834 0.9515534043312073
8320 32067619 0.9556895196437836
8321 32087017 0.9562676250934601
8352 32209078 0.9599053263664246
8353 32226284 0.9604181051254272
8384 32344790 0.9639498591423035
8385 32361337 0.9644429981708527
8416 32488426 0.9682305455207825
8417 32506496 0.9687690734863281
8448 32629592 0.9724376201629639
8449 32647188 0.9729620218276978
8480 32755502 0.9761900305747986
8481 32770996 0.9766517877578735
8512 32852547 0.9790821969509125
8513 32864088 0.9794261455535889
8544 32919177 0.9810679256916046
8545 32927147 0.9813054502010345
8576 32961065 0.9823162853717804
8577 32965947 0.9824617803096771
8608 32988089 0.9831216633319855
8609 32991244 0.9832156896591187
8640 33008818 0.98373943567276
8641 33011354 0.9838150143623352
8672 33026879 0.9842776954174042
8673 33029189 0.9843465387821198
8704 33043626 0.9847767949104309
8705 33045769 0.9848406612873077
8736 33058196 0.9852110147476196
8737 33060012 0.9852651357650757
8768 33070733 0.9855846464633942
8769 33072294 0.9856311678886414
8800 33081379 0.9859019219875336
8801 33082693 0.985941082239151
8832 33091754 0.9862111210823059
8833 33093112 0.9862515926361084
8864 33103946 0.9865744709968567
8865 33105627 0.9866245687007904
8896 33120823 0.9870774447917938
8897 33123184 0.9871478080749512
8928 33145330 0.9878078103065491
8929 33148648 0.9879066944122314
8960 33178266 0.9887893795967102
8961 33182734 0.9889225363731384
8992 33218344 0.9899837970733643
8993 33223693 0.990143209695816
9024 33259721 0.9912169277667999
9025 33265214 0.9913806319236755
9056 33297806 0.9923519492149353
9057 33302796 0.9925006628036499
9088 33329023 0.993282288312912
9089 33333084 0.9934033155441284
9120 33358140 0.9941500425338745
9121 33361967 0.9942640960216522
9152 33387505 0.9950251877307892
9153 33391403 0.9951413571834564
9184 33418147 0.9959383904933929
9185 33422409 0.9960654079914093
9216 33447462 0.9968120455741882
9217 33451382 0.996928870677948
9248 33472614 0.9975616335868835
9249 33476037 0.9976636469364166
9280 33491644 0.9981287717819214
9281 33494176 0.998204231262207
9312 33504120 0.9985005855560303
9313 33505623 0.998545378446579
9344 33511323 0.9987152516841888
9345 33512295 0.9987442195415497
9376 33515693 0.9988454878330231
9377 33516273 0.9988627731800079
9408 33519314 0.9989534020423889
9409 33519766 0.9989668726921082
9440 33522615 0.9990517795085907
9441 33523047 0.9990646541118622
9472 33525848 0.9991481304168701
9473 33526307 0.9991618096828461
9504 33528734 0.999234139919281
9505 33529137 0.9992461502552032
9536 33531012 0.9993020296096802
9537 33531329 0.9993114769458771
9568 33532709 0.9993526041507721
9569 33532948 0.9993597269058228
9600 33534163 0.9993959367275238
9601 33534356 0.9994016885757446
9632 33535640 0.9994399547576904
9633 33535840 0.999445915222168
9664 33537340 0.9994906187057495
9665 33537597 0.9994982779026031
9696 33539259 0.9995478093624115
9697 33539507 0.9995552003383636
9728 33541041 0.9996009171009064
9729 33541290 0.9996083378791809
9760 33542502 0.9996444582939148
9761 33542708 0.9996505975723267
9792 33543526 0.9996749758720398
9793 33543661 0.9996789991855621
9824 33544216 0.9996955394744873
9825 33544318 0.9996985793113708
9856 33544787 0.9997125566005707
9857 33544856 0.9997146129608154
9888 33545307 0.9997280538082123
9889 33545397 0.9997307360172272
9920 33545889 0.9997453987598419
9921 33545964 0.999747633934021
9952 33546409 0.9997608959674835
9953 33546475 0.9997628629207611
9984 33546846 0.9997739195823669
9985 33546900 0.9997755289077759
10016 33547206 0.9997846484184265
10017 33547256 0.9997861385345459
10048 33547444 0.9997917413711548
10049 33547475 0.9997926652431488
10080 33547631 0.9997973144054413
10081 33547652 0.9997979402542114
10112 33547796 0.9998022317886353
10113 33547822 0.9998030066490173
10144 33548002 0.9998083710670471
10145 33548031 0.9998092353343964
10176 33548281 0.9998166859149933
10177 33548316 0.9998177289962769
10208 33548609 0.9998264610767365
10209 33548668 0.9998282194137573
10240 33549038 0.9998392462730408
10241 33549112 0.9998414516448975
10272 33549451 0.9998515546321869
10273 33549504 0.9998531341552734
10304 33549755 0.9998606145381927
10305 33549811 0.9998622834682465
10336 33550024 0.999868631362915
10337 33550061 0.9998697340488434
10368 33550306 0.9998770356178284
10369 33550357 0.9998785555362701
10400 33550634 0.9998868107795715
10401 33550689 0.9998884499073029
10432 33550960 0.9998965263366699
10433 33551023 0.9998984038829803
10464 33551315 0.9999071061611176
10465 33551369 0.9999087154865265
10496 33551584 0.9999151229858398
10497 33551628 0.9999164342880249
10528 33551795 0.9999214112758636
10529 33551825 0.9999223053455353
10560 33551930 0.999925434589386
10561 33551951 0.9999260604381561
10592 33552011 0.9999278485774994
10593 33552025 0.9999282658100128
10624 33552077 0.999929815530777
10625 33552091 0.9999302327632904
10656 33552125 0.9999312460422516
10657 33552128 0.9999313354492188
10688 33552161 0.9999323189258575
10689 33552163 0.9999323785305023
10720 33552191 0.9999332129955292
10721 33552197 0.9999333918094635
10752 33552223 0.9999341666698456
10753 33552228 0.9999343156814575
10784 33552254 0.9999350905418396
10785 33552261 0.9999352991580963
10816 33552285 0.9999360144138336
10817 33552295 0.9999363124370575
10848 33552329 0.9999373257160187
10849 33552334 0.9999374747276306
10880 33552361 0.9999382793903351
10881 33552366 0.999938428401947
10912 33552390 0.9999391436576843
10913 33552395 0.9999392926692963
10944 33552416 0.9999399185180664
10945 33552420 0.999940037727356
10976 33552440 0.9999406337738037
10977 33552448 0.9999408721923828
11008 33552464 0.999941349029541
11009 33552465 0.9999413788318634
11040 33552483 0.9999419152736664
11041 33552486 0.9999420046806335
11072 33552507 0.9999426305294037
11073 33552509 0.9999426901340485
11104 33552525 0.9999431669712067
11105 33552526 0.999943196773529
11136 33552546 0.9999437928199768
11137 33552548 0.9999438524246216
11168 33552565 0.9999443590641022
11169 33552567 0.999944418668747
11200 33552580 0.999944806098938
11201 33552581 0.9999448359012604
11232 33552600 0.9999454021453857
11233 33552603 0.9999454915523529
11264 33552615 0.9999458491802216
11265 33552618 0.9999459385871887
11296 33552630 0.9999462962150574
11297 33552636 0.9999464750289917
11328 33552648 0.9999468326568604
11329 33552652 0.9999469518661499
11360 33552665 0.9999473392963409
11361 33552668 0.9999474287033081
11392 33552679 0.9999477565288544
11393 33552681 0.9999478161334991
11424 33552694 0.9999482035636902
11425 33552696 0.999948263168335
11456 33552706 0.9999485611915588
11457 33552708 0.9999486207962036
11488 33552719 0.9999489486217499
11489 33552723 0.9999490678310394
11520 33552734 0.9999493956565857
11521 33552735 0.9999494254589081
11552 33552748 0.9999498128890991
11553 33552750 0.9999498724937439
11584 33552760 0.9999501705169678
11585 33552762 0.9999502301216125
11616 33552775 0.9999506175518036
11617 33552778 0.9999507069587708
11648 33552790 0.9999510645866394
11680 33552805 0.9999515116214752
11681 33552807 0.99995157122612
11712 33552814 0.9999517798423767
11713 33552816 0.9999518394470215
11744 33552820 0.999951958656311
11745 33552821 0.9999519884586334
11776 33552829 0.9999522268772125
11808 33552837 0.9999524652957916
11809 33552839 0.9999525249004364
11840 33552847 0.9999527633190155
11872 33552850 0.9999528527259827
11873 33552851 0.999952882528305
11904 33552860 0.9999531507492065
11936 33552867 0.9999533593654633
11937 33552868 0.9999533891677856
11968 33552876 0.9999536275863647
11969 33552877 0.9999536573886871
12000 33552886 0.9999539256095886
12001 33552890 0.9999540448188782
12032 33552896 0.9999542236328125
12033 33552898 0.9999542832374573
12064 33552909 0.9999546110630035
12065 33552911 0.9999546706676483
12096 33552917 0.9999548494815826
12128 33552923 0.999955028295517
12129 33552925 0.9999550879001617
12160 33552929 0.9999552071094513
12192 33552933 0.9999553263187408
12193 33552934 0.9999553561210632
12224 33552944 0.9999556541442871
12256 33552956 0.9999560117721558
12257 33552957 0.9999560415744781
12288 33552964 0.9999562501907349
12289 33552966 0.9999563097953796
12320 33552973 0.9999565184116364
12321 33552975 0.9999565780162811
12352 33552980 0.9999567270278931
12384 33552990 0.9999570250511169
12385 33552994 0.9999571442604065
12416 33553000 0.9999573230743408
12417 33553001 0.9999573528766632
12448 33553005 0.9999574720859528
12480 33553010 0.9999576210975647
12481 33553013 0.9999577105045319
12512 33553016 0.999957799911499
12513 33553017 0.9999578297138214
12544 33553022 0.9999579787254333
12545 33553024 0.9999580383300781
12576 33553033 0.9999583065509796
12577 33553036 0.9999583959579468
12608 33553040 0.9999585151672363
12609 33553043 0.9999586045742035
12640 33553053 0.9999589025974274
12641 33553059 0.9999590814113617
12672 33553061 0.9999591410160065
12673 33553062 0.9999591708183289
12704 33553066 0.9999592900276184
12705 33553068 0.9999593496322632
12736 33553075 0.9999595582485199
12737 33553077 0.9999596178531647
12768 33553083 0.999959796667099
12769 33553087 0.9999599158763885
12800 33553097 0.9999602138996124
12801 33553099 0.9999602735042572
12832 33553105 0.9999604523181915
12864 33553113 0.9999606907367706
12865 33553114 0.999960720539093
12896 33553120 0.9999608993530273
12928 33553128 0.9999611377716064
12929 33553130 0.9999611973762512
12960 33553136 0.9999613761901855
12961 33553139 0.9999614655971527
12992 33553145 0.999961644411087
12993 33553146 0.9999616742134094
13024 33553152 0.9999618530273438
13025 33553153 0.9999618828296661
13056 33553165 0.9999622404575348
13057 33553166 0.9999622702598572
13088 33553171 0.9999624192714691
13089 33553173 0.9999624788761139
13120 33553181 0.999962717294693
13121 33553184 0.9999628067016602
13152 33553188 0.9999629259109497
13153 33553189 0.9999629557132721
13184 33553194 0.999963104724884
13185 33553196 0.9999631643295288
13216 33553202 0.9999633431434631
13217 33553205 0.9999634325504303
13248 33553213 0.9999636709690094
13249 33553214 0.9999637007713318
13280 33553224 0.9999639987945557
13281 33553225 0.999964028596878
13312 33553229 0.9999641478061676
13313 33553232 0.9999642372131348
13344 33553234 0.9999642968177795
13345 33553235 0.9999643266201019
13376 33553239 0.9999644458293915
13377 33553240 0.9999644756317139
13408 33553245 0.9999646246433258
13409 33553247 0.9999646842479706
13440 33553253 0.9999648630619049
13441 33553254 0.9999648928642273
13472 33553259 0.9999650418758392
13473 33553260 0.9999650716781616
13504 33553267 0.9999652802944183
13505 33553269 0.9999653398990631
13536 33553276 0.9999655485153198
13537 33553279 0.999965637922287
13568 33553289 0.9999659359455109
13569 33553290 0.9999659657478333
13600 33553297 0.99996617436409
13632 33553304 0.9999663829803467
13633 33553307 0.9999664723873138
13664 33553317 0.9999667704105377
13665 33553319 0.9999668300151825
13696 33553323 0.999966949224472
13697 33553327 0.9999670684337616
13728 33553335 0.9999673068523407
13729 33553337 0.9999673664569855
13760 33553347 0.9999676644802094
13761 33553348 0.9999676942825317
13792 33553355 0.9999679028987885
13824 33553359 0.999968022108078
13825 33553362 0.9999681115150452
13856 33553366 0.9999682307243347
13888 33553376 0.9999685287475586
13889 33553380 0.9999686479568481
13920 33553388 0.9999688863754272
13952 33553391 0.9999689757823944
13953 33553392 0.9999690055847168
13984 33553400 0.9999692440032959
13985 33553401 0.9999692738056183
14016 33553408 0.999969482421875
14017 33553410 0.9999695420265198
14048 33553416 0.9999697208404541
14080 33553425 0.9999699890613556
14081 33553427 0.9999700486660004
14112 33553433 0.9999702274799347
14113 33553434 0.9999702572822571
14144 33553440 0.9999704360961914
14145 33553442 0.9999704957008362
14176 33553449 0.9999707043170929
14208 33553456 0.9999709129333496
14209 33553457 0.999970942735672
14240 33553459 0.9999710023403168
14241 33553462 0.9999710917472839
14272 33553466 0.9999712109565735
14273 33553468 0.9999712705612183
14304 33553477 0.9999715387821198
14305 33553479 0.9999715983867645
14336 33553485 0.9999717772006989
14337 33553488 0.999971866607666
14368 33553491 0.9999719560146332
14369 33553493 0.999972015619278
14400 33553502 0.9999722838401794
14401 33553503 0.9999723136425018
14432 33553507 0.9999724328517914
14464 33553513 0.9999726116657257
14465 33553514 0.9999726414680481
14496 33553518 0.9999727606773376
14497 33553519 0.99997279047966
14528 33553520 0.9999728202819824
14529 33553522 0.9999728798866272
14560 33553529 0.9999730885028839
14592 33553530 0.9999731183052063
14593 33553532 0.9999731779098511
14624 33553541 0.9999734461307526
14625 33553543 0.9999735057353973
14656 33553555 0.999973863363266
14657 33553557 0.9999739229679108
14688 33553559 0.9999739825725555
14689 33553560 0.9999740123748779
14720 33553564 0.9999741315841675
14752 33553570 0.9999743103981018
14753 33553571 0.9999743402004242
14784 33553577 0.9999745190143585
14785 33553578 0.9999745488166809
14816 33553583 0.9999746978282928
14848 33553590 0.9999749064445496
14849 33553591 0.999974936246872
14880 33553599 0.999975174665451
14912 33553601 0.9999752342700958
14913 33553603 0.9999752938747406
14944 33553606 0.9999753832817078
14945 33553608 0.9999754428863525
14976 33553613 0.9999755918979645
14977 33553616 0.9999756813049316
15008 33553619 0.9999757707118988
15009 33553620 0.9999758005142212
15040 33553623 0.9999758899211884
15041 33553624 0.9999759197235107
15072 33553629 0.9999760687351227
15104 33553633 0.9999761879444122
15105 33553634 0.9999762177467346
15136 33553640 0.999976396560669
15137 33553642 0.9999764561653137
15168 33553648 0.999976634979248
15169 33553649 0.9999766647815704
15200 33553652 0.9999767541885376
15201 33553653 0.99997678399086
15232 33553658 0.9999769330024719
15233 33553660 0.9999769926071167
15264 33553661 0.9999770224094391
15265 33553663 0.9999770820140839
15296 33553668 0.9999772310256958
15328 33553674 0.9999774098396301
15329 33553675 0.9999774396419525
15360 33553682 0.9999776482582092
15361 33553683 0.9999776780605316
15392 33553688 0.9999778270721436
15393 33553690 0.9999778866767883
15424 33553692 0.9999779462814331
15425 33553695 0.9999780356884003
15456 33553699 0.9999781548976898
15457 33553701 0.9999782145023346
15488 33553703 0.9999782741069794
15489 33553704 0.9999783039093018
15520 33553710 0.9999784827232361
15552 33553713 0.9999785721302032
15584 33553720 0.99997878074646
15585 33553721 0.9999788105487823
15616 33553727 0.9999789893627167
15617 33553728 0.9999790191650391
15648 33553735 0.9999792277812958
15680 33553740 0.9999793767929077
15712 33553746 0.999979555606842
15713 33553747 0.9999795854091644
15744 33553749 0.9999796450138092
15776 33553753 0.9999797642230988
15777 33553755 0.9999798238277435
15808 33553760 0.9999799728393555
15840 33553761 0.9999800026416779
15841 33553763 0.9999800622463226
15872 33553765 0.9999801218509674
15904 33553766 0.9999801516532898
15905 33553767 0.9999801814556122
15936 33553768 0.9999802112579346
15937 33553769 0.999980241060257
15968 33553771 0.9999803006649017
15969 33553773 0.9999803602695465
16000 33553775 0.9999804198741913
16001 33553776 0.9999804496765137
16032 33553779 0.9999805390834808
16064 33553786 0.9999807476997375
16096 33553790 0.9999808669090271
16128 33553792 0.9999809265136719
16129 33553793 0.9999809563159943
16160 33553796 0.9999810457229614
16192 33553798 0.9999811053276062
16193 33553799 0.9999811351299286
16224 33553800 0.999981164932251
16225 33553803 0.9999812543392181
16256 33553804 0.9999812841415405
16288 33553807 0.9999813735485077
16289 33553808 0.9999814033508301
16320 33553811 0.9999814927577972
16321 33553813 0.999981552362442
16352 33553819 0.9999817311763763
16384 33553821 0.9999817907810211
16385 33553822 0.9999818205833435
16416 33553825 0.9999819099903107
16417 33553826 0.9999819397926331
16448 33553832 0.9999821186065674
16480 33553833 0.9999821484088898
16481 33553836 0.9999822378158569
16512 33553838 0.9999822974205017
16513 33553839 0.9999823272228241
16544 33553842 0.9999824166297913
16576 33553843 0.9999824464321136
16577 33553844 0.999982476234436
16608 33553847 0.9999825656414032
16609 33553848 0.9999825954437256
16640 33553849 0.999982625246048
16672 33553853 0.9999827444553375
16704 33553856 0.9999828338623047
16736 33553859 0.9999829232692719
16737 33553860 0.9999829530715942
16768 33553861 0.9999829828739166
16769 33553863 0.9999830424785614
16800 33553864 0.9999830722808838
16801 33553866 0.9999831318855286
16832 33553870 0.9999832510948181
16864 33553873 0.9999833405017853
16865 33553874 0.9999833703041077
16896 33553877 0.9999834597110748
16928 33553878 0.9999834895133972
16960 33553883 0.9999836385250092
16992 33553885 0.9999836981296539
17024 33553889 0.9999838173389435
17025 33553890 0.9999838471412659
17056 33553891 0.9999838769435883
17057 33553893 0.999983936548233
17088 33553897 0.9999840557575226
17089 33553899 0.9999841153621674
17152 33553901 0.9999841749668121
17184 33553904 0.9999842643737793
17185 33553905 0.9999842941761017
17248 33553906 0.9999843239784241
17280 33553909 0.9999844133853912
17313 33553911 0.999984472990036
17344 33553914 0.9999845623970032
17345 33553915 0.9999845921993256
17376 33553916 0.999984622001648
17377 33553918 0.9999846816062927
17408 33553923 0.9999848306179047
17409 33553925 0.9999848902225494
17440 33553927 0.9999849498271942
17441 33553928 0.9999849796295166
17472 33553931 0.9999850690364838
17473 33553932 0.9999850988388062
17504 33553934 0.9999851584434509
17505 33553935 0.9999851882457733
17536 33553938 0.9999852776527405
17568 33553943 0.9999854266643524
17569 33553946 0.9999855160713196
17600 33553949 0.9999856054782867
17601 33553950 0.9999856352806091
17632 33553953 0.9999857246875763
17633 33553954 0.9999857544898987
17664 33553955 0.9999857842922211
17665 33553957 0.9999858438968658
17696 33553958 0.9999858736991882
17697 33553960 0.999985933303833
17728 33553963 0.9999860227108002
17760 33553967 0.9999861419200897
17761 33553968 0.9999861717224121
17792 33553973 0.999986320734024
17824 33553977 0.9999864399433136
17825 33553978 0.999986469745636
17856 33553984 0.9999866485595703
17888 33553988 0.9999867677688599
17920 33553994 0.9999869465827942
17921 33553995 0.9999869763851166
17952 33554000 0.9999871253967285
17953 33554001 0.9999871551990509
17984 33554003 0.9999872148036957
17985 33554004 0.9999872446060181
18016 33554006 0.9999873042106628
18017 33554007 0.9999873340129852
18048 33554008 0.9999873638153076
18112 33554009 0.99998739361763
18113 33554010 0.9999874234199524
18144 33554014 0.9999875426292419
18176 33554018 0.9999876618385315
18208 33554022 0.999987781047821
18209 33554024 0.9999878406524658
18240 33554026 0.9999879002571106
18272 33554029 0.9999879896640778
18273 33554030 0.9999880194664001
18304 33554033 0.9999881088733673
18336 33554037 0.9999882280826569
18368 33554040 0.999988317489624
18369 33554041 0.9999883472919464
18400 33554043 0.9999884068965912
18432 33554044 0.9999884366989136
18464 33554045 0.999988466501236
18496 33554047 0.9999885261058807
18528 33554048 0.9999885559082031
18529 33554049 0.9999885857105255
18560 33554050 0.9999886155128479
18561 33554051 0.9999886453151703
18592 33554052 0.9999886751174927
18624 33554053 0.9999887049198151
18657 33554054 0.9999887347221375
18688 33554056 0.9999887943267822
18689 33554060 0.9999889135360718
18720 33554064 0.9999890327453613
18721 33554066 0.9999890923500061
18752 33554067 0.9999891221523285
18753 33554068 0.9999891519546509
18784 33554069 0.9999891817569733
18816 33554072 0.9999892711639404
18817 33554073 0.9999893009662628
18848 33554077 0.9999894201755524
18849 33554078 0.9999894499778748
18880 33554081 0.9999895393848419
18881 33554082 0.9999895691871643
18912 33554085 0.9999896585941315
18944 33554088 0.9999897480010986
18976 33554089 0.999989777803421
19009 33554090 0.9999898076057434
19040 33554091 0.9999898374080658
19072 33554092 0.9999898672103882
19073 33554096 0.9999899864196777
19105 33554098 0.9999900460243225
19136 33554099 0.9999900758266449
19168 33554102 0.9999901652336121
19169 33554104 0.9999902248382568
19200 33554105 0.9999902546405792
19201 33554106 0.9999902844429016
19232 33554107 0.999990314245224
19296 33554109 0.9999903738498688
19329 33554111 0.9999904334545135
19360 33554113 0.9999904930591583
19361 33554115 0.9999905526638031
19392 33554119 0.9999906718730927
19424 33554120 0.999990701675415
19457 33554121 0.9999907314777374
19488 33554122 0.9999907612800598
19489 33554124 0.9999908208847046
19520 33554128 0.9999909400939941
19552 33554130 0.9999909996986389
19553 33554131 0.9999910295009613
19584 33554132 0.9999910593032837
19616 33554135 0.9999911487102509
19617 33554136 0.9999911785125732
19648 33554137 0.9999912083148956
19680 33554139 0.9999912679195404
19681 33554140 0.9999912977218628
19712 33554143 0.99999138712883
19745 33554145 0.9999914467334747
19776 33554146 0.9999914765357971
19808 33554147 0.9999915063381195
19809 33554148 0.9999915361404419
19841 33554149 0.9999915659427643
19872 33554152 0.9999916553497314
19873 33554153 0.9999916851520538
19904 33554156 0.999991774559021
19905 33554158 0.9999918341636658
19936 33554160 0.9999918937683105
19937 33554161 0.9999919235706329
19968 33554163 0.9999919831752777
20001 33554165 0.9999920427799225
20032 33554166 0.9999920725822449
20033 33554169 0.999992161989212
20064 33554172 0.9999922513961792
20065 33554173 0.9999922811985016
20096 33554176 0.9999923706054688
20097 33554177 0.9999924004077911
20128 33554180 0.9999924898147583
20160 33554181 0.9999925196170807
20161 33554185 0.9999926388263702
20192 33554189 0.9999927580356598
20193 33554190 0.9999927878379822
20224 33554194 0.9999929070472717
20225 33554195 0.9999929368495941
20256 33554199 0.9999930560588837
20257 33554200 0.999993085861206
20288 33554201 0.9999931156635284
20289 33554202 0.9999931454658508
20320 33554203 0.9999931752681732
20352 33554204 0.9999932050704956
20384 33554206 0.9999932646751404
20417 33554207 0.9999932944774628
20481 33554209 0.9999933540821075
20544 33554210 0.9999933838844299
20545 33554211 0.9999934136867523
20576 33554212 0.9999934434890747
20608 33554215 0.9999935328960419
20609 33554216 0.9999935626983643
20640 33554217 0.9999935925006866
20641 33554219 0.9999936521053314
20672 33554222 0.9999937415122986
20673 33554223 0.999993771314621
20704 33554226 0.9999938607215881
20800 33554227 0.9999938905239105
20832 33554229 0.9999939501285553
20833 33554230 0.9999939799308777
20864 33554231 0.9999940097332001
20865 33554232 0.9999940395355225
20896 33554234 0.9999940991401672
20928 33554237 0.9999941885471344
20960 33554238 0.9999942183494568
20961 33554239 0.9999942481517792
20992 33554240 0.9999942779541016
21024 33554241 0.999994307756424
21056 33554243 0.9999943673610687
21057 33554245 0.9999944269657135
21088 33554248 0.9999945163726807
21089 33554251 0.9999946057796478
21120 33554252 0.9999946355819702
21152 33554253 0.9999946653842926
21153 33554255 0.9999947249889374
21184 33554256 0.9999947547912598
21248 33554257 0.9999947845935822
21280 33554259 0.9999948441982269
21312 33554260 0.9999948740005493
21313 33554261 0.9999949038028717
21344 33554264 0.9999949932098389
21345 33554265 0.9999950230121613
21377 33554267 0.999995082616806
21408 33554272 0.999995231628418
21409 33554273 0.9999952614307404
21441 33554274 0.9999952912330627
21472 33554278 0.9999954104423523
21473 33554279 0.9999954402446747
21504 33554281 0.9999954998493195
21505 33554283 0.9999955594539642
21536 33554285 0.999995619058609
21568 33554287 0.9999956786632538
21569 33554288 0.9999957084655762
21632 33554289 0.9999957382678986
21633 33554290 0.999995768070221
21664 33554291 0.9999957978725433
21696 33554293 0.9999958574771881
21697 33554294 0.9999958872795105
21729 33554295 0.9999959170818329
21760 33554298 0.9999960064888
21761 33554299 0.9999960362911224
21792 33554302 0.9999961256980896
21793 33554303 0.999996155500412
21985 33554304 0.9999961853027344
22048 33554305 0.9999962151050568
22049 33554306 0.9999962449073792
22080 33554307 0.9999962747097015
22112 33554308 0.9999963045120239
22208 33554310 0.9999963641166687
22209 33554311 0.9999963939189911
22240 33554313 0.9999964535236359
22241 33554315 0.9999965131282806
22272 33554317 0.9999965727329254
22273 33554320 0.9999966621398926
22304 33554321 0.999996691942215
22368 33554322 0.9999967217445374
22433 33554323 0.9999967515468597
22464 33554325 0.9999968111515045
22465 33554327 0.9999968707561493
22496 33554328 0.9999969005584717
22497 33554329 0.9999969303607941
22528 33554331 0.9999969899654388
22592 33554333 0.9999970495700836
22657 33554334 0.999997079372406
22689 33554335 0.9999971091747284
22753 33554336 0.9999971389770508
22784 33554337 0.9999971687793732
22848 33554339 0.9999972283840179
22849 33554340 0.9999972581863403
22881 33554341 0.9999972879886627
22944 33554342 0.9999973177909851
22945 33554343 0.9999973475933075
23008 33554345 0.9999974071979523
23040 33554347 0.999997466802597
23072 33554348 0.9999974966049194
23105 33554349 0.9999975264072418
23136 33554350 0.9999975562095642
23137 33554352 0.999997615814209
23168 33554353 0.9999976456165314
23200 33554354 0.9999976754188538
23232 33554355 0.9999977052211761
23264 33554356 0.9999977350234985
23265 33554357 0.9999977648258209
23393 33554358 0.9999977946281433
23424 33554359 0.9999978244304657
23456 33554360 0.9999978542327881
23520 33554361 0.9999978840351105
23584 33554362 0.9999979138374329
23649 33554363 0.9999979436397552
23713 33554364 0.9999979734420776
23744 33554365 0.9999980032444
23808 33554366 0.9999980330467224
23809 33554367 0.9999980628490448
23840 33554368 0.9999980926513672
23905 33554369 0.9999981224536896
23936 33554370 0.999998152256012
24001 33554372 0.9999982118606567
24032 33554373 0.9999982416629791
24096 33554374 0.9999982714653015
24320 33554375 0.9999983012676239
24512 33554376 0.9999983310699463
24544 33554377 0.9999983608722687
24673 33554378 0.9999983906745911
24704 33554379 0.9999984204769135
24705 33554380 0.9999984502792358
24801 33554381 0.9999984800815582
25056 33554383 0.999998539686203
25185 33554384 0.9999985694885254
25344 33554385 0.9999985992908478
25440 33554386 0.9999986290931702
25537 33554387 0.9999986588954926
25633 33554388 0.9999986886978149
25856 33554389 0.9999987185001373
25921 33554390 0.9999987483024597
25984 33554391 0.9999987781047821
26112 33554392 0.9999988079071045
26241 33554393 0.9999988377094269
26880 33554394 0.9999988675117493
26913 33554395 0.9999988973140717
26945 33554396 0.999998927116394
26976 33554397 0.9999989569187164
27264 33554398 0.9999989867210388
27584 33554399 0.9999990165233612
27648 33554400 0.9999990463256836
27936 33554401 0.999999076128006
28416 33554402 0.9999991059303284
28576 33554403 0.9999991357326508
28672 33554404 0.9999991655349731
28929 33554405 0.9999991953372955
29024 33554406 0.9999992251396179
29632 33554407 0.9999992549419403
29952 33554408 0.9999992847442627
30497 33554409 0.9999993145465851
30849 33554410 0.9999993443489075
31073 33554411 0.9999993741512299
41313 33554412 0.9999994039535522
46305 33554413 0.9999994337558746
65793 33554414 0.999999463558197
68577 33554415 0.9999994933605194
69025 33554416 0.9999995231628418
69377 33554417 0.9999995529651642
70913 33554418 0.9999995827674866
73825 33554419 0.999999612569809
74401 33554420 0.9999996423721313
174243 33554421 0.9999996721744537
174531 33554422 0.9999997019767761
176898 33554423 0.9999997317790985
179875 33554424 0.9999997615814209
183491 33554425 0.9999997913837433
189666 33554426 0.9999998211860657
189699 33554427 0.9999998509883881
190915 33554428 0.9999998807907104
194915 33554429 0.9999999105930328
195363 33554430 0.9999999403953552
196323 33554431 0.9999999701976776
262083 33554432 1.0
